   -0.00184018
    0.00722238
    0.00434640
    0.00431027
    0.00415794
    0.00419247
   -0.04075592
    0.01007041
    0.00558549
    0.03583192
   -0.03837665
   -0.03110217
   -0.03032365
   -0.03053760
    0.03606370
    0.02897385
    0.03059839
    0.03485452
   -0.00477244
   -0.03044160
   -0.02875298
   -0.02894356
   -0.02872410
   -0.03167480
    0.01447721
    0.03440626
    0.03255454
    0.03195541
    0.03129271
    0.03033691
   -0.02946714
   -0.02865194
   -0.03000020
   -0.02886138
   -0.03190395
    0.01815837
    0.03151816
    0.03209871
    0.03139682
    0.03126780
    0.03011581
   -0.03572756
   -0.03020539
   -0.03192664
   -0.03204151
    0.03041547
    0.02948931
    0.03049908
    0.04263711
    0.00719075
    0.00280093
    0.00821806
   -0.01627749
   -0.00836729
   -0.00441885
   -0.00676687
   -0.01055566
   -0.03449849
   -0.03394165
   -0.03636642
   -0.03198890
    0.02751175
    0.02424102
    0.02403053
    0.02799791
   -0.03355692
   -0.03008036
   -0.03219946
   -0.02994800
   -0.03174879
    0.01804494
    0.03166588
    0.02702436
    0.02656734
    0.02735237
    0.02981935
   -0.03947955
   -0.03076468
   -0.03484271
   -0.03413648
    0.03447452
    0.02623672
    0.02485499
    0.02811107
