           2           3   1.3083139640674093     
           3           4   1.1108585714018784     
           1           5   1.3737913345801549     
           4           5   1.1839544170116048     
           4           7   1.4794336798612131     
           6           7   1.2556130355376485     
           5           8   1.1328005782556858     
           6           9   1.1174966065197647     
           8           9   1.3054341150397963     
           7          10  0.95592763571923500     
           9          11   1.3466276556176144     
          11          12   1.4919208511614925     
          12          13   1.3732987824475047     
           8          14   1.3330449062873542     
          11          14  0.10602259919972154     
          13          14   1.4979676831388029     
          11          15  0.95879816394604833     
          12          16  0.97094282955870259     
          13          17  0.97037488464647814     
          14          18  0.96639390272137260     
           6          19   1.4087106185724867     
          20          21   1.4637842404249173     
          21          22   1.4245885756775261     
          20          23  0.10231312652553363     
          22          23   1.4251927101880297     
          21          24  0.10248794094807633     
          23          24   1.4637981911701257     
          19          25   1.1017246531357139     
          20          25   1.3503282371107652     
          24          25   1.3558541186983863     
          20          26  0.96759356232530713     
          21          27  0.97008338702793473     
          22          28  0.97162936698330216     
          23          29  0.97045095785355473     
          24          30  0.96851690865090057     
          31          32   1.4638734986243793     
          32          33   1.4234729051405983     
          31          34  0.10568881592520969     
          33          34   1.4332159672273137     
          32          35  0.10332607171111517     
          34          35   1.4538323560898836     
          19          36   1.0736942819251587     
          31          36   1.3559980840657309     
          33          36  0.10069573863229528     
          35          36   1.3709016623583670     
          31          37  0.96996833655625836     
          32          38  0.96990703305069037     
          33          39  0.97164601901421621     
          34          40  0.97048816785907932     
          35          41  0.96988515252628726     
           3          42   1.3586039465030904     
          42          43   1.4751200371496469     
          43          44   1.3947326201985899     
           2          45   1.3616299370281819     
          42          45  0.10409835202410223     
          44          45   1.4728902798232608     
          42          46  0.96351364308390575     
          43          47  0.97091556869370388     
          44          48  0.97063269845494515     
          45          49  0.96286515491344749     
           1          50   1.2084186901401852     
           2          50   1.1059692303868325     
           1          51   1.1225350036477020     
          51          52   1.2943457548985740     
          52          53   1.1463568584432839     
          50          54   1.4221123523854124     
          53          54   1.1565989715006331     
          54          56   1.1028906681227151     
          55          56   1.2540459509860753     
          53          57   1.4314932804486771     
          55          57   1.1251381415580530     
          55          58   1.3860062381560718     
          58          59   1.4335830586366400     
          59          60   1.4250284423120294     
          56          61   1.4068862346549280     
          60          61   1.4229671326755768     
          58          62  0.96656847496573273     
          59          63  0.97164612967156527     
          60          64  0.97175620848329824     
          61          65  0.96458282800617134     
          66          67   1.4511213156127265     
          67          68   1.4347605691860381     
          66          69  0.10580323621920902     
          68          69   1.4283878205293683     
          67          70  0.10729660690410578     
          69          70   1.4578375613598904     
          57          71   1.0692627049910315     
          66          71   1.3768159427383726     
          68          71  0.10336955162870702     
          70          71   1.3690459899342386     
          66          72  0.96947511426677169     
          67          73  0.97057537422720930     
          68          74  0.97183684336667775     
          69          75  0.97053322853345092     
          70          76  0.97046500348292342     
          52          77   1.3407902277847024     
          77          78   1.4882576013969750     
          78          79   1.3796787894857494     
          51          80   1.3469915138196840     
          77          80  0.10444218064406013     
          79          80   1.4870299908238140     
          77          81  0.96169465980227709     
          78          82  0.97104571598071177     
          79          83  0.97078183676739460     
          80          84  0.96364827598431879     
