   -0.00162065
   -0.00239709
   -0.00054225
   -0.00161991
   -0.00239720
   -0.00054264
   -0.00391713
    0.00720407
    0.00415824
    0.00070632
   -0.04455084
    0.00416694
   -0.00264423
    0.04095524
   -0.00123014
    0.00621055
   -0.00391756
    0.00720452
    0.00415821
    0.00070586
   -0.04454934
    0.00416588
   -0.00264276
    0.04095657
   -0.00123022
    0.00621106
   -0.03815082
   -0.03394086
   -0.03892679
    0.00716313
    0.03629320
    0.02619299
    0.03588211
   -0.00274630
   -0.00286986
    0.00273775
   -0.00596211
    0.00208745
    0.00275095
   -0.04945995
    0.00559654
   -0.03847676
   -0.03972688
    0.04480741
    0.02603171
    0.03565504
    0.00454163
   -0.00310665
    0.00223227
   -0.04768074
    0.03981695
    0.01564433
    0.00796641
    0.00100887
    0.00793360
   -0.04468463
   -0.04863574
    0.00643319
    0.03734901
    0.04027301
   -0.10347917
    0.02501606
    0.03633687
    0.03525146
    0.03197971
   -0.10424725
    0.03332318
    0.03651252
    0.03582602
   -0.10695484
    0.03514032
    0.03598575
    0.03601117
   -0.03563454
   -0.03858537
   -0.04773801
    0.00647094
    0.02689519
    0.03180957
    0.03874226
   -0.10414306
    0.02561039
    0.03628974
    0.03620110
    0.03316935
   -0.10413713
    0.03347922
    0.03627103
    0.03629867
   -0.10445967
    0.03494770
    0.03461412
    0.03488307
   -0.10589464
   -0.01577492
    0.06942119
   -0.10406182
    0.02569826
    0.03295131
    0.03648449
    0.03593414
   -0.10507229
    0.03530180
    0.03526918
    0.03412640
   -0.10375192
    0.03605024
    0.03280044
    0.03626851
   -0.03815452
   -0.03393775
   -0.03892555
    0.00716439
    0.03629877
    0.02618022
    0.03588172
   -0.00274587
   -0.00287098
    0.00273678
   -0.00596173
    0.00208700
    0.00275075
   -0.04946151
    0.00559655
   -0.03847466
   -0.03973024
    0.04480894
    0.02603353
    0.03566183
    0.00454186
   -0.00310691
    0.00223167
   -0.04768056
    0.03981960
    0.01564447
    0.00796494
    0.00100962
    0.00793507
   -0.04467830
   -0.04863575
    0.00643172
    0.03734212
    0.04027074
   -0.10348121
    0.02501682
    0.03633764
    0.03525054
    0.03198063
   -0.10424528
    0.03332161
    0.03651373
    0.03582689
   -0.10695463
    0.03514044
    0.03598719
    0.03600938
   -0.03563467
   -0.03858652
   -0.04773857
    0.00647101
    0.02689494
    0.03181128
    0.03874252
   -0.10413646
    0.02561082
    0.03628666
    0.03620738
    0.03316709
   -0.10414345
    0.03348034
    0.03626466
    0.03630166
   -0.10446113
    0.03494790
    0.03461537
    0.03488271
   -0.10589414
   -0.01577480
    0.06942110
   -0.10406355
    0.02569844
    0.03295109
    0.03648280
    0.03593592
   -0.10507314
    0.03530307
    0.03526937
    0.03412603
   -0.10375039
    0.03605172
    0.03279930
    0.03626850
   -0.03593821
   -0.03262105
   -0.03175088
   -0.03543230
    0.03665094
    0.02759450
    0.02732776
    0.03019986
   -0.03593862
   -0.03262037
   -0.03175056
   -0.03543147
    0.03665203
    0.02759471
    0.02732813
    0.03020128
