           1           2   1.2761874608434052     
           2           3   1.1981273830747794     
           3           4   1.1911593218577869     
           4           5   1.2761880636592182     
           1           6   1.1911634911318845     
           5           6   1.1981257996382340     
           6           7   1.3652137680857244     
           7           8   1.1605981773086140     
           8           9   1.2886291592445043     
           5          10   1.2627798234303826     
           9          10   1.1387962664280040     
          10          11   1.3711674703213050     
          11          12   1.3848538496842060     
           4          13   1.2809052249856403     
          12          13   1.2351199252617067     
          11          14  0.95477585228874839     
          13          15   1.2268882277119604     
          15          16   1.2591941282584898     
           3          17   1.3652169036967188     
          16          17   1.1758787975959513     
          17          18   1.1606008273769635     
          18          19   1.2886297183278548     
           2          20   1.2627796156290112     
          19          20   1.1388039099306040     
          20          21   1.3711629431801713     
          21          22   1.3848509156693296     
           1          23   1.2808998439903694     
          22          23   1.2351280352514049     
          21          24  0.95477209064904334     
          23          25   1.2268871813899265     
           7          26   1.1758770816411888     
          25          26   1.2591953464051460     
          27          28   1.4213787682772006     
          16          29   1.3447300160618005     
          28          29   1.4534917667674068     
          15          30   1.2581759097423741     
          27          30   1.3721333454077955     
          27          31  0.96274062828307394     
          28          32  0.97013327614987221     
          29          33  0.96366642869557240     
          12          34   1.1544289637588940     
          30          35   1.1467728805111408     
          34          35   1.4093976752514494     
          35          36   1.1598438229137880     
          36          37   1.3005008989953866     
          37          38   1.1767041212601190     
          34          39   1.1630206744836342     
          38          39   1.2735407224071753     
          39          40   1.3296364503131768     
          40          41   1.4723366971026413     
          41          42   1.3364278869125139     
          38          43   1.3190438444659747     
          40          43  0.10246460827461808     
          42          43   1.5113526663825889     
          40          44  0.95338528555924174     
          42          45  0.96444574987276921     
          43          46  0.96178603154995512     
          37          47   1.2033279321660872     
          47          48   1.2550096777508224     
          48          49   1.2480285135111029     
          36          50   1.3223029613677098     
          49          50   1.3866335685132252     
          50          51  0.95293703946544905     
          52          53   1.2332480563136692     
          49          54   1.1470349893706597     
          53          54   1.2564830041149870     
          48          55   1.2296281076825359     
          52          55   1.2374911360563627     
          47          56   1.3286453498283401     
          55          57   1.3043480404357064     
          56          58   1.3977736244489489     
          57          58   1.4352888021351937     
          56          59  0.95659095949856143     
          57          60  0.95991806402099378     
          58          62  0.98111275993743530     
          61          62  0.98832890513632621     
          61          63  0.98282193623075376     
          61          64  0.98473716136364797     
          61          65  0.98710763527889278     
          62          66  0.98694133416751550     
          66          67  0.98680408011119358     
          66          68  0.98440516438790815     
          66          69  0.98347319417563250     
          62          70   1.0000887438988595     
          70          71  0.98443194508820442     
          70          72  0.98428199078627865     
          70          73  0.98486880657216125     
          53          75   1.2804171850187143     
          74          75   1.5428994700990948     
          54          76   1.3458680622046628     
          74          77   1.3165223524069318     
          76          77   1.4712936904104346     
          74          78  0.96465123667866626     
          75          79  0.96573057549359009     
          76          80  0.95547840701276165     
          77          82  0.98570219910272472     
          81          82  0.98610848068602042     
          81          83  0.98347122168297152     
          81          84  0.98437246701222603     
          81          85  0.98692010997365853     
          82          86  0.98605237294862380     
          86          87  0.98686867425860902     
          86          88  0.98434669219019133     
          86          89  0.98357165820976067     
          82          90  0.99963998641639729     
          90          91  0.98439838662977652     
          90          92  0.98452986746102955     
          90          93  0.98430234980457632     
          52          95   1.1554691400875163     
          94          95   2.7605629758941674     
          94          96  0.97263424887672434     
          41          98  0.98394607835662251     
          97          98  0.98644919132084508     
          97          99  0.98684695760101915     
          97         100  0.98455496100244821     
          97         101  0.98391463239049115     
          98         102  0.99957648635633178     
         102         103  0.98476382515588279     
         102         104  0.98434680816416864     
         102         105  0.98377688916881700     
          98         106  0.98716305182477215     
         106         107  0.98432334219266715     
         106         108  0.98696779268539503     
         106         109  0.98336295080480141     
         110         111   1.4213771095137813     
          26         112   1.3447306742699696     
         111         112   1.4534918456443142     
          25         113   1.2581725740729393     
         110         113   1.3721376521783366     
         110         114  0.96273246783004962     
         111         115  0.97013131602471425     
         112         116  0.96366834819484692     
          22         117   1.1544262768063369     
         113         118   1.1467670696575907     
         117         118   1.4093924429344005     
         118         119   1.1598608422494654     
         119         120   1.3004928655203425     
         120         121   1.1767531753922029     
         117         122   1.1630354522953117     
         121         122   1.2735390236067694     
         122         123   1.3296171185326615     
         123         124   1.4723584620587289     
         124         125   1.3364026265241120     
         121         126   1.3190069580835102     
         123         126  0.10246741615725437     
         125         126   1.5113871163557611     
         123         127  0.95338234286731649     
         125         128  0.96444524324380698     
         126         129  0.96177924272511195     
         120         130   1.2032941549154461     
         130         131   1.2550103592490649     
         131         132   1.2480298754746946     
         119         133   1.3222910417482217     
         132         133   1.3866112246211457     
         133         134  0.95293095356033697     
         135         136   1.2332504273725660     
         132         137   1.1470519238896146     
         136         137   1.2564754989085494     
         131         138   1.2296237603215006     
         135         138   1.2374984185651283     
         130         139   1.3286630562660162     
         138         140   1.3043477490809767     
         139         141   1.3977651465574805     
         140         141   1.4352849267813081     
         139         142  0.95660098876506516     
         140         143  0.95991990705222996     
         141         145  0.98111331691838410     
         144         145  0.98834188100850595     
         144         146  0.98281834939503687     
         144         147  0.98473800698546488     
         144         148  0.98710712931728539     
         145         149  0.98692848426304047     
         149         150  0.98680435164080160     
         149         151  0.98440371799442661     
         149         152  0.98347914814497295     
         145         153   1.0000876521601172     
         153         154  0.98443202988306822     
         153         155  0.98428099429917382     
         153         156  0.98486993069539996     
         136         158   1.2804175884862765     
         157         158   1.5429049233300958     
         137         159   1.3458565662785493     
         157         160   1.3165160150844137     
         159         160   1.4713057693349501     
         157         161  0.96465023634087854     
         158         162  0.96572938314815993     
         159         163  0.95547290795035456     
         160         165  0.98570214640454790     
         164         165  0.98608345104685047     
         164         166  0.98348311239604302     
         164         167  0.98437093721870506     
         164         168  0.98691856028086511     
         165         169  0.98607634379814990     
         169         170  0.98687019386766206     
         169         171  0.98434835872381732     
         169         172  0.98355878461890600     
         165         173  0.99964135223079398     
         173         174  0.98439833754742034     
         173         175  0.98453842939727876     
         173         176  0.98429045699937368     
         135         178   1.1554649514742397     
         177         178   2.7605666017705492     
         177         179  0.97263406912275940     
         124         181  0.98394587338100770     
         180         181  0.98645351064358122     
         180         182  0.98684740392514225     
         180         183  0.98455521482468134     
         180         184  0.98391117782606985     
         181         185  0.99957759797301438     
         185         186  0.98476092549899930     
         185         187  0.98434667095145123     
         185         188  0.98377898143142528     
         181         189  0.98715698911645311     
         189         190  0.98432312003266520     
         189         191  0.98696731767062740     
         189         192  0.98336542326111864     
          18         193   1.3292555306223812     
         193         194   1.5000437687125472     
         194         195   1.3719601850374954     
          19         196   1.3444015230345119     
         193         196  0.10819492766161555     
         195         196   1.4954317494561506     
         193         197  0.96358722460217705     
         194         198  0.97072767122522219     
         195         199  0.97118556558273872     
         196         200  0.96281611084462759     
           8         201   1.3292606455579008     
         201         202   1.5000378513631478     
         202         203   1.3719682324015514     
           9         204   1.3444098509067615     
         201         204  0.10819564450952249     
         203         204   1.4954236543375712     
         201         205  0.96358835528346609     
         202         206  0.97072806056247718     
         203         207  0.97118539920195035     
         204         208  0.96281971974374270     
